n=2500: [np.float64(4.4901391582420835), np.float64(4.407481294473592), np.float64(4.446600047500906), np.float64(4.454266098647397), np.float64(4.409980319851906), np.float64(4.4175908576067044), np.float64(4.433627713614499), np.float64(4.475233588294541), np.float64(4.402594558397826), np.float64(4.375535468759091), np.float64(4.3682382398692), np.float64(4.4588292848339), np.float64(4.449763374408405), np.float64(4.386668701366691), np.float64(4.390984035711268), np.float64(4.418864923595075), np.float64(4.506888333085403), np.float64(4.409205009353159), np.float64(4.386060707716315), np.float64(4.376287762818799)]
n=3500: [np.float64(3.5877204391731636), np.float64(3.57230165494937), np.float64(3.5950242920042617), np.float64(3.5760410394336937), np.float64(3.5766682666590044), np.float64(3.599854768139098), np.float64(3.592973990135919), np.float64(3.534529580798277), np.float64(3.5749895661721944), np.float64(3.603757093091331), np.float64(3.6119931785614288), np.float64(3.507786015563509), np.float64(3.5953505576432865), np.float64(3.6227025466933656), np.float64(3.5442811769094864), np.float64(3.5597089109277618), np.float64(3.5107589212640606), np.float64(3.5856425676057975), np.float64(3.5741421513513765), np.float64(3.5792394020588336)]
n=4000: [np.float64(3.3431451426629213), np.float64(3.3390641426997476), np.float64(3.314024823433691), np.float64(3.3122066679520907), np.float64(3.3390505270106208), np.float64(3.322079207383356), np.float64(3.3440754204964858), np.float64(3.3583417250073015), np.float64(3.3950440846489207), np.float64(3.312237924738747), np.float64(3.3437889463291293), np.float64(3.4020209280679925), np.float64(3.3726777680090594), np.float64(3.329931456723006), np.float64(3.3095000101055376), np.float64(3.3458599572471015), np.float64(3.3594011907877603), np.float64(3.3190563996940337), np.float64(3.3284268130178507), np.float64(3.370441101045851)]
n=4500: [np.float64(3.165131166890794), np.float64(3.1586458053347983), np.float64(3.2103229221743685), np.float64(3.1911116764671936), np.float64(3.188225280704739), np.float64(3.176172561604884), np.float64(3.158252567036017), np.float64(3.1783925930889483), np.float64(3.166630189552346), np.float64(3.177970013333506), np.float64(3.154996135178193), np.float64(3.1938935632182317), np.float64(3.1401016053822213), np.float64(3.159601330066251), np.float64(3.1793525022509637), np.float64(3.177141366047522), np.float64(3.1685017981330317), np.float64(3.152793541239886), np.float64(3.1683862618255847), np.float64(3.1960788719582087)]
n=5000: [np.float64(3.044786726348151)]
